0.00    0.1158       0
 0.019  0.1152       0
0.04038  0.1126       0
0.05938  0.1119       0
0.08076  0.1106       0
0.09976  0.1094       0
0.1188  0.1081       0
0.1401  0.1042       0
0.1591  0.1013       0
0.1781     0.1       0
0.1995  0.09903       0
0.2185  0.09677       0
0.2399  0.09419       0
0.2589  0.09258       0
0.2803  0.09032       0
0.2993  0.08871       0
0.3159  0.08645       0
0.3397  0.08516       0
 0.361  0.08323       0
  0.38  0.08129       0
 0.399  0.07968       0
0.4204  0.07774       0
0.4371  0.07581       0
0.4608  0.07355       0
0.4798  0.07226       0
0.5012  0.06903       0
0.5202  0.06645       0
0.5416  0.06323       0
0.5606  0.06065       0
0.5796  0.05677       0
0.5986  0.05323       0
  0.62    0.05       0
 0.639  0.04581       0
 0.658  0.04161       0
0.6793  0.03774       0
0.7007  0.03355       0
0.7173  0.02903       0
0.7363  0.02516       0
0.7601  0.02129       0
0.7791  0.01774       0
0.7981  0.01452       0
0.8195  0.01129       0
0.8409  0.009032       0
0.8599  0.006452       0
0.8789  0.004839       0
