#xF dndxF dndxF_err% mpT mpT_err%
0.0 0.5749 0.21 0.5165 0.08
0.025 0.5696 0.16 0.5187 0.09
0.05 0.5576 0.14 0.5212 0.06
0.075 0.5439 0.14 0.5226 0.05
0.1 0.5351 0.13 0.5214 0.06
0.125 0.5321 0.13 0.5151 0.06
0.15 0.5388 0.13 0.5099 0.06
0.2 0.5682 0.11 0.4980 0.05
0.25 0.5944 0.14 0.4923 0.06
0.3 0.6165 0.16 0.4930 0.06
0.35 0.6323 0.08 0.4953 0.04
0.4 0.6205 0.10 0.4978 0.04
0.45 0.5938 0.10 0.4952 0.05
0.5 0.5778 0.14 0.4830 0.07
0.55 0.5740 0.21 0.4616 0.11
0.6 0.5458 0.25 0.4498 0.16
0.65 0.5032 0.29 0.4413 0.16
0.7 0.4577 0.36 0.4326 0.17
0.75 0.4301 0.45 0.4168 0.20
0.8 0.4252 0.54 0.3978 0.19
0.85 0.4362 0.51 0.3826 0.16
0.9 0.4877 0.53 0.3663 0.19
0.95 0.7056 0.50 0.3674 0.18

