#xF dndxF dndxF_err% mpT mpT_err%
0.0 19.136 0.13 0.2579 0.06
0.01 17.586 0.13 0.2659 0.06
0.02 14.334 0.13 0.2838 0.06
0.03 11.377 0.13 0.3018 0.06
0.05 7.550 0.13 0.3357 0.06
0.075 4.807 0.14 0.3683 0.06
0.1 3.254 0.14 0.3912 0.07
0.15 1.663 0.14 0.4240 0.07
0.2 0.9091 0.17 0.4509 0.09
0.25 0.5505 0.24 0.4625 0.12
0.3 0.3355 0.35 0.4750 0.17
0.35 0.2020 0.37 0.4857 0.18
0.45 0.0772 0.45 0.4940 0.19
0.55 0.0275  0.78 0.4896 0.40
0.65 0.00820 1.46 0.4865 0.82
0.75 0.00205 2.96 0.4741 1.64
0.85 0.00041 5.93 0.4345 3.44
