#xF dndxF dndxF_err% mpT mpT_err%
0.0 20.959 0.14 0.2590 0.06
0.01 19.640 0.13 0.2664 0.06
0.02 16.348 0.12 0.2811 0.06
0.03 13.344 0.12 0.2962 0.06
0.05 9.134 0.12 0.3276 0.06
0.075 6.084 0.12 0.3571 0.06
0.1 4.353 0.12 0.3763 0.07
0.15 2.502 0.12 0.4010 0.07
0.2 1.549 0.14 0.4170 0.08
0.25 1.007 0.20 0.4246 0.09
0.3 0.6325 0.26 0.4395 0.13
0.35 0.4061 0.27 0.4634 0.13
0.45 0.1745 0.29 0.4768 0.14
0.55 0.0792 0.65 0.4631 0.25
0.65 0.0309 1.05 0.4587 0.60
0.75 0.00955 2.10 0.4501 1.00
0.85 0.00232 3.35 0.4040 2.60
